1721850221441 293478761.4388395 0
1721850221445 139797781.66974133 1
1721850221448 127315930.46996032 2
1721850221450 123077277.81119475 3
1721850221453 121397291.65370193 4
1721850221456 120432371.63706036 5
1721850221459 119631503.28682086 6
1721850221462 118937102.11490352 7
1721850221465 118334197.63404953 8
1721850221468 117690009.1145477 9
1721850221471 116991752.00853975 10
1721850221474 116382684.53417271 11
1721850221477 115842527.9546736 12
1721850221480 115335858.59937046 13
1721850221483 114797072.55158068 14
1721850221485 114216404.82868482 15
1721850221488 113585443.34911728 16
1721850221491 112937122.42091146 17
1721850221494 112281607.91635418 18
1721850221497 111504468.0165321 19
