1721852222214 287409712.8780621 0
1721852222219 53133073.796852335 1
1721852222223 32823561.51766799 2
1721852222227 23869119.16058574 3
1721852222232 18922098.366497878 4
1721852222236 15726097.244341044 5
1721852222241 13377362.479677022 6
1721852222245 11552657.34602436 7
1721852222249 10109832.867264267 8
1721852222253 8952800.494197344 9
1721852222258 8013253.528739565 10
1721852222262 7242933.34689339 11
1721852222266 6606964.222752156 12
1721852222270 6079507.622512659 13
1721852222275 5639386.735903928 14
1721852222279 5269251.463138087 15
1721852222283 4956034.302723416 16
1721852222288 4689148.341939236 17
1721852222292 4460200.791015465 18
1721852222296 4262656.617579034 19
1721852222300 4090665.9831941975 20
1721852222305 3940995.5025318186 21
1721852222309 3808619.5441562883 22
1721852222313 3693209.452723416 23
1721852222317 3589218.2901259065 24
1721852222322 3498157.535903928 25
1721852222326 3415733.1152593405 26
1721852222330 3342551.2999931574 27
1721852222335 3275189.5555973724 28
1721852222340 3215021.405672643 29
1721852222344 3159111.704769399 30
1721852222349 3109130.6693581496 31
1721852222353 3064031.932503079 32
1721852222357 3021234.1027850006 33
1721852222361 2984387.223039551 34
1721852222365 2947880.110996305 35
1721852222369 2915531.7512043244 36
1721852222374 2884303.5479334886 37
1721852222378 2856132.7529834406 38
1721852222382 2828316.0799712604 39
1721852222386 2802731.2384904884 40
1721852222391 2778121.4873203775 41
1721852222395 2755113.280159436 42
1721852222400 2732345.018896264 43
1721852222404 2710849.732547557 44
1721852222408 2690286.1249042014 45
1721852222412 2670466.9868071713 46
1721852222417 2651534.990050636 47
1721852222421 2632388.256818804 48
1721852222425 2614310.586639524 49
