1721850298619 196591509.46763378 0
1721850298622 121994048.29779664 1
1721850298626 119065268.1490078 2
1721850298629 117369380.6804434 3
1721850298632 116092062.14774874 4
1721850298635 114915441.10097167 5
1721850298638 113607596.53680032 6
1721850298641 111994896.46552621 7
1721850298644 109913485.56748323 8
1721850298647 107422222.01921445 9
1721850298650 104247050.60221705 10
1721850298654 99539397.05991516 11
1721850298657 92844607.74424525 12
1721850298659 81560988.02693307 13
1721850298662 70211885.11914602 14
1721850298665 62150042.37678938 15
1721850298668 57838813.64685918 16
1721850298671 55249023.676474616 17
1721850298674 53513361.99731764 18
1721850298677 52326463.60815656 19
