1721850170149 294172219.70997673 0
1721850170152 140030502.62225264 1
1721850170156 127665060.7739428 2
1721850170159 123498015.8125633 3
1721850170161 121850298.58929794 4
1721850170164 120816642.84877515 5
1721850170167 119941521.22184207 6
1721850170171 119078206.5318188 7
1721850170174 118145185.95954564 8
1721850170178 117304269.85433146 9
1721850170182 116513233.93261257 10
1721850170185 115746129.59364992 11
1721850170188 115016760.11145477 12
1721850170192 114286648.63982482 13
1721850170196 113513594.60593951 14
1721850170199 112635401.40927878 15
1721850170202 111559748.87357329 16
1721850170206 110398027.16803065 17
1721850170209 109188233.41672368 18
1721850170213 108035239.0551526 19
