1721850119783 478501850.73513067 0
1721850119786 186090224.17692623 1
1721850119788 148738149.14662653 2
1721850119791 144438256.10882714 3
1721850119794 139750217.59058437 4
1721850119796 134866332.05025318 5
1721850119799 130532526.37613247 6
1721850119802 127382962.69965786 7
1721850119805 125295113.43730669 8
1721850119807 123952809.77692623 9
1721850119810 122986607.53907213 10
1721850119813 122279497.27702203 11
1721850119816 121703459.2302176 12
1721850119818 121220421.95877925 13
1721850119821 120783319.11536883 14
1721850119824 120318026.14851512 15
1721850119826 119891397.68703982 16
1721850119829 119463926.58086766 17
1721850119832 119031722.76162584 18
1721850119834 118651381.6776242 19
