1721850556774 294179204.7139455 0
1721850556777 140073417.21089366 1
1721850556781 127523932.48665664 2
1721850556784 123164501.62047352 3
1721850556787 121443059.83084713 4
1721850556791 120368516.04587382 5
1721850556795 119563490.4226632 6
1721850556798 118737894.8861092 7
1721850556801 117802924.81072944 8
1721850556804 116966005.42843848 9
1721850556807 116204767.10529628 10
1721850556810 115500159.4052826 11
1721850556813 114838410.75746544 12
1721850556817 114218557.54558642 13
1721850556820 113590163.0373067 14
1721850556823 112873237.57011086 15
1721850556826 112126515.18423429 16
1721850556829 111414132.85058163 17
1721850556832 110704464.50537841 18
1721850556835 109964363.93901739 19
1721850556838 109121040.17276584 20
1721850556841 108270635.7204872 21
1721850556844 107407894.01527302 22
1721850556848 106500324.24710551 23
1721850556851 105510282.12420966 24
1721850556854 104414358.63123032 25
1721850556857 103167901.85761598 26
1721850556860 101672058.6341864 27
1721850556863 99551872.53187354 28
1721850556866 97128282.60572053 29
1721850556869 94278096.8734638 30
1721850556872 90755911.36280279 31
1721850556876 85850688.954482 32
1721850556879 80683672.94397153 33
1721850556882 75292779.12533188 34
1721850556885 70160831.30510469 35
1721850556888 65674147.98631449 36
1721850556891 62189547.55856028 37
1721850556894 59704251.64264404 38
1721850556897 57933776.490817025 39
1721850556900 56658711.29557958 40
1721850556904 55629877.85444095 41
1721850556907 54786847.66191323 42
1721850556910 54041820.54544957 43
1721850556913 53365428.08178459 44
1721850556916 52706121.60186123 45
1721850556919 52103233.912029564 46
1721850556922 51517379.91920076 47
1721850556925 50994325.34380731 48
1721850556928 50508574.98650609 49
