1721851742853 266972206.72954702 0
1721851742858 43698229.40823867 1
1721851742864 25808253.159709867 2
1721851742868 17683017.743834678 3
1721851742872 13194958.236759271 4
1721851742877 10485370.926111948 5
1721851742881 8704851.457684413 6
1721851742885 7451765.341487614 7
1721851742889 6530141.457178049 8
1721851742894 5833328.780990831 9
1721851742898 5299768.815964144 10
1721851742902 4887751.976132476 11
1721851742906 4568669.219495005 12
1721851742910 4319921.914102915 13
1721851742915 4124561.170733543 14
1721851742920 3968375.6589229507 15
1721851742924 3843202.9188586287 16
1721851742929 3739463.693526755 17
1721851742933 3653442.23049131 18
1721851742938 3579390.713322841 19
