1721850708691 196887262.74618858 0
1721850708695 122031397.75929931 1
1721850708698 118861919.81168742 2
1721850708701 117131927.4252087 3
1721850708705 115539593.32607089 4
1721850708708 114038070.74137129 5
1721850708711 112337052.54993841 6
1721850708715 109659141.64828247 7
1721850708718 106362577.12505816 8
1721850708721 102561067.61757219 9
1721850708724 97469797.69426577 10
1721850708728 91166914.28241412 11
1721850708731 81231813.4173806 12
1721850708734 70399912.32724784 13
1721850708738 62325954.88610921 14
1721850708741 57303630.856658 15
1721850708744 54633857.99162447 16
1721850708747 52805561.253263995 17
1721850708750 51409388.020583004 18
1721850708754 50316862.38653346 19
1721850708757 49414547.562939644 20
1721850708760 48638671.766908444 21
1721850708764 47896480.48939373 22
1721850708767 47183835.40922403 23
1721850708770 46632613.11542357 24
1721850708773 46095998.20030108 25
1721850708777 45628720.092732996 26
1721850708780 45185795.46352813 27
1721850708783 44779544.90871767 28
1721850708787 44401971.05570001 29
1721850708790 44057214.7303134 30
1721850708793 43712304.22925962 31
1721850708796 43397484.13652662 32
1721850708800 43114008.97210894 33
1721850708803 42850905.36712741 34
1721850708806 42624534.55196387 35
1721850708809 42446156.933899 36
1721850708812 42198983.75442726 37
1721850708816 42020712.24486109 38
1721850708819 41867036.20210757 39
1721850708822 41646252.30474887 40
1721850708825 41499410.481182426 41
1721850708828 41372882.42873956 42
1721850708832 41214475.15790338 43
1721850708835 41066683.106664844 44
1721850708838 40945508.22674148 45
1721850708841 40814850.312741205 46
1721850708845 40664663.45159436 47
1721850708848 40528891.596934445 48
1721850708851 40398553.58198987 49
