1721850273187 196887262.74618858 0
1721850273190 122031397.75929931 1
1721850273193 118861919.81168742 2
1721850273196 117131927.4252087 3
1721850273200 115539593.32607089 4
1721850273203 114038070.74137129 5
1721850273205 112337052.54993841 6
1721850273208 109659141.64828247 7
1721850273211 106362577.12505816 8
1721850273214 102561067.61757219 9
1721850273217 97469797.69426577 10
1721850273221 91166914.28241412 11
1721850273224 81231813.4173806 12
1721850273227 70399912.32724784 13
1721850273229 62325954.88610921 14
1721850273232 57303630.856658 15
1721850273235 54633857.99162447 16
1721850273238 52805561.253263995 17
1721850273240 51409388.020583004 18
1721850273243 50316862.38653346 19
