1721851829121 306860382.2316135 0
1721851829126 61248156.62088408 1
1721851829130 38876649.98078555 2
1721851829134 29262388.755494732 3
1721851829139 23913374.606651157 4
1721851829143 20346705.630546052 5
1721851829147 17663956.897577666 6
1721851829151 15527457.931654578 7
1721851829155 13790671.853346106 8
1721851829159 12360400.002572875 9
1721851829164 11167990.605720542 10
1721851829168 10162064.400875872 11
1721851829172 9303652.542904064 12
1721851829176 8563614.569755029 13
1721851829180 7919719.04169974 14
1721851829184 7355968.017339538 15
1721851829188 6858744.355481045 16
1721851829192 6418800.044409471 17
1721851829196 6027824.534856986 18
1721851829200 5679373.947283427 19
1721851829204 5368216.08541125 20
1721851829208 5090073.606801697 21
1721851829212 4841300.842411387 22
1721851829216 4618360.7472560555 23
1721851829220 4418492.173929109 24
1721851829225 4238759.224647598 25
1721851829229 4077126.665348296 26
1721851829233 3931345.7822704255 27
1721851829237 3800449.593273573 28
1721851829241 3682605.789441631 29
1721851829244 3577409.717661147 30
1721851829249 3482549.977377857 31
1721851829253 3399028.658019707 32
1721851829257 3322568.7806350077 33
1721851829261 3254580.170959354 34
1721851829265 3192214.405549473 35
1721851829268 3136720.972984809 36
1721851829273 3085219.1551731215 37
1721851829277 3039386.555286027 38
1721851829281 2996428.1102401805 39
1721851829285 2958290.580727385 40
1721851829288 2921884.366018886 41
1721851829292 2888873.612241686 42
1721851829296 2858207.128903791 43
1721851829300 2829096.86331942 44
1721851829304 2802217.490799918 45
1721851829308 2776839.8047078145 46
1721851829312 2753368.874917887 47
1721851829317 2730115.4522581086 48
1721851829321 2708697.275437936 49
