1721851919050 307587034.9753387 0
1721851919055 60720845.8767757 1
1721851919060 38249000.487477764 2
1721851919064 28706460.043300945 3
1721851919069 23432619.61488983 4
1721851919073 19923425.801779117 5
1721851919077 17287135.60541946 6
1721851919081 15192340.861612152 7
1721851919085 13491426.563268099 8
1721851919090 12090348.986150267 9
1721851919094 10920507.446749693 10
1721851919098 9932505.10067059 11
1721851919102 9089442.55638429 12
1721851919106 8362712.239824826 13
1721851919111 7731098.61443821 14
1721851919115 7179108.156356918 15
1721851919119 6693769.1450253185 16
1721851919123 6264940.1539756395 17
1721851919127 5884409.811454769 18
1721851919131 5546069.4054194605 19
1721851919136 5244213.131928288 20
1721851919140 4975371.195326399 21
1721851919144 4735881.885650746 22
1721851919148 4522025.925639797 23
1721851919152 4329626.055556316 24
1721851919156 4157108.07065143 25
1721851919160 4002332.1825851924 26
1721851919165 3862939.2104488844 27
1721851919169 3737829.869761872 28
1721851919173 3626578.5302449707 29
1721851919177 3526016.079786506 30
1721851919181 3435839.4430546053 31
1721851919185 3354198.971164637 32
1721851919189 3282111.09237033 33
1721851919193 3216753.7655262076 34
1721851919197 3158837.394792665 35
1721851919201 3105993.2744696867 36
1721851919205 3058397.650034214 37
1721851919209 3014724.5806658 38
1721851919213 2975002.3684993843 39
1721851919217 2938546.7664260296 40
1721851919221 2905056.9402867113 41
1721851919225 2873997.6700082114 42
1721851919229 2845238.44075544 43
1721851919233 2818365.290437252 44
1721851919237 2793207.4807958123 45
1721851919241 2769508.5482619405 46
1721851919245 2747426.0206651157 47
1721851919249 2726446.467698782 48
1721851919253 2706500.8024804983 49
