1721851478865 286952466.0622417 0
1721851478870 53769627.44688655 1
1721851478874 33248351.43566443 2
1721851478878 24204642.434487477 3
1721851478882 19198244.215081427 4
1721851478887 15950717.573450116 5
1721851478890 13568023.700506363 6
1721851478894 11723069.419132339 7
1721851478898 10270210.108745039 8
1721851478902 9110806.312193787 9
1721851478906 8171458.172957438 10
1721851478910 7398508.4607910225 11
1721851478914 6755687.607027508 12
1721851478918 6218501.937409334 13
1721851478922 5768350.796674422 14
1721851478926 5388686.945887505 15
1721851478930 5067391.047228685 16
1721851478934 4792977.867852744 17
1721851478937 4556838.57631723 18
1721851478941 4352300.637689887 19
