1721850144881 477793416.8830984 0
1721850144885 184663806.44576433 1
1721850144888 148661941.21844807 2
1721850144891 144283930.03355685 3
1721850144893 139187879.11799645 4
1721850144896 134034819.49845354 5
1721850144899 129762200.73113453 6
1721850144902 126874697.23235254 7
1721850144904 125039753.72897221 8
1721850144907 123847290.93614343 9
1721850144909 122941562.3423019 10
1721850144913 122250975.65271658 11
1721850144916 121689671.5268099 12
1721850144919 121180051.46057205 13
1721850144921 120713747.10365403 14
1721850144924 120288725.66470508 15
1721850144926 119894190.50379089 16
1721850144929 119544040.32451074 17
1721850144931 119214911.85175858 18
1721850144934 118904161.44606541 19
