1721850196276 294179204.7139455 0
1721850196281 140073417.21089366 1
1721850196284 127523932.48665664 2
1721850196287 123164501.62047352 3
1721850196290 121443059.83084713 4
1721850196293 120368516.04587382 5
1721850196296 119563490.4226632 6
1721850196298 118737894.8861092 7
1721850196301 117802924.81072944 8
1721850196304 116966005.42843848 9
1721850196307 116204767.10529628 10
1721850196310 115500159.4052826 11
1721850196312 114838410.75746544 12
1721850196315 114218557.54558642 13
1721850196318 113590163.0373067 14
1721850196320 112873237.57011086 15
1721850196325 112126515.18423429 16
1721850196327 111414132.85058163 17
1721850196330 110704464.50537841 18
1721850196333 109964363.93901739 19
