1721850759180 196591509.46763378 0
1721850759184 121994048.29779664 1
1721850759187 119065268.1490078 2
1721850759190 117369380.6804434 3
1721850759194 116092062.14774874 4
1721850759197 114915441.10097167 5
1721850759201 113607596.53680032 6
1721850759205 111994896.46552621 7
1721850759208 109913485.56748323 8
1721850759211 107422222.01921445 9
1721850759216 104247050.60221705 10
1721850759219 99539397.05991516 11
1721850759222 92844607.74424525 12
1721850759226 81560988.02693307 13
1721850759229 70211885.11914602 14
1721850759232 62150042.37678938 15
1721850759236 57838813.64685918 16
1721850759239 55249023.676474616 17
1721850759242 53513361.99731764 18
1721850759245 52326463.60815656 19
1721850759249 51458756.27874641 20
1721850759252 50719647.611003146 21
1721850759255 49996031.61264541 22
1721850759259 49259097.55664431 23
1721850759262 48587971.05055426 24
1721850759265 47996895.1223758 25
1721850759268 47477816.07915697 26
1721850759272 47006062.957711786 27
1721850759275 46556267.65271657 28
1721850759278 46133173.260708906 29
1721850759281 45777093.356616944 30
1721850759284 45407984.03820994 31
1721850759288 45107378.07001505 32
1721850759291 44793286.10012317 33
1721850759294 44486926.56367867 34
1721850759298 44242359.87069933 35
1721850759301 43983397.30307924 36
1721850759304 43726949.184508 37
1721850759307 43479636.37115095 38
1721850759311 43276754.36064048 39
1721850759314 43039355.135130696 40
1721850759317 42820748.74525797 41
1721850759321 42616742.852990285 42
1721850759324 42384941.06905707 43
1721850759327 42174305.95653483 44
1721850759330 42004735.22671411 45
1721850759333 41833147.587628305 46
1721850759337 41641378.23949637 47
1721850759340 41460046.90105379 48
1721850759343 41311725.36751061 49
