1721850094686 478523754.7574654 0
1721850094689 186126975.50644588 1
1721850094692 148728652.16499248 2
1721850094694 144422119.17492816 3
1721850094697 139763438.77246475 4
1721850094700 135038987.02548242 5
1721850094702 130965682.62148625 6
1721850094705 127942000.37947173 7
1721850094708 125841300.19411524 8
1721850094710 124403985.91224852 9
1721850094713 123395656.13794991 10
1721850094715 122675008.6770494 11
1721850094718 122097754.73622553 12
1721850094721 121609910.18650609 13
1721850094723 121175740.09995894 14
1721850094726 120729594.575065 15
1721850094728 120296386.58973587 16
1721850094731 119902049.69240454 17
1721850094733 119525254.43459696 18
1721850094736 119164863.7637334 19
