1721851535227 287409712.8780621 0
1721851535232 53133073.796852335 1
1721851535236 32823561.51766799 2
1721851535240 23869119.16058574 3
1721851535244 18922098.366497878 4
1721851535248 15726097.244341044 5
1721851535252 13377362.479677022 6
1721851535256 11552657.34602436 7
1721851535260 10109832.867264267 8
1721851535264 8952800.494197344 9
1721851535268 8013253.528739565 10
1721851535272 7242933.34689339 11
1721851535276 6606964.222752156 12
1721851535280 6079507.622512659 13
1721851535284 5639386.735903928 14
1721851535288 5269251.463138087 15
1721851535291 4956034.302723416 16
1721851535295 4689148.341939236 17
1721851535299 4460200.791015465 18
1721851535303 4262656.617579034 19
