1721850452563 477793416.8830984 0
1721850452567 184663806.44576433 1
1721850452570 148661941.21844807 2
1721850452573 144283930.03355685 3
1721850452576 139187879.11799645 4
1721850452580 134034819.49845354 5
1721850452583 129762200.73113453 6
1721850452586 126874697.23235254 7
1721850452589 125039753.72897221 8
1721850452592 123847290.93614343 9
1721850452595 122941562.3423019 10
1721850452599 122250975.65271658 11
1721850452602 121689671.5268099 12
1721850452605 121180051.46057205 13
1721850452608 120713747.10365403 14
1721850452611 120288725.66470508 15
1721850452614 119894190.50379089 16
1721850452617 119544040.32451074 17
1721850452620 119214911.85175858 18
1721850452623 118904161.44606541 19
1721850452626 118608441.94618858 20
1721850452629 118314262.10154647 21
1721850452632 118025839.1992336 22
1721850452635 117754700.60665116 23
1721850452638 117499210.92935541 24
1721850452641 117256479.98357739 25
1721850452644 117026492.93444642 26
1721850452648 116807771.33028603 27
1721850452651 116594409.51087998 28
1721850452654 116385702.96822225 29
1721850452657 116183367.11887231 30
1721850452660 115975577.91750376 31
1721850452663 115758688.92908171 32
1721850452666 115537212.46629259 33
1721850452669 115313355.7458875 34
1721850452672 115081386.0195429 35
1721850452675 114846595.61450663 36
1721850452678 114608235.19649652 37
1721850452681 114360897.7414534 38
1721850452684 114097085.14969207 39
1721850452687 113839127.38010128 40
1721850452690 113583347.44152182 41
1721850452693 113324376.47844532 42
1721850452696 113059505.51394553 43
1721850452699 112772335.16003832 44
1721850452702 112484580.69752292 45
1721850452705 112198190.98486383 46
1721850452708 111906913.88925688 47
1721850452711 111597191.4547694 48
1721850452714 111291845.80593951 49
