1721852119994 286952466.0622417 0
1721852119999 53769627.44688655 1
1721852120004 33248351.43566443 2
1721852120008 24204642.434487477 3
1721852120013 19198244.215081427 4
1721852120018 15950717.573450116 5
1721852120023 13568023.700506363 6
1721852120027 11723069.419132339 7
1721852120031 10270210.108745039 8
1721852120035 9110806.312193787 9
1721852120040 8171458.172957438 10
1721852120044 7398508.4607910225 11
1721852120048 6755687.607027508 12
1721852120052 6218501.937409334 13
1721852120057 5768350.796674422 14
1721852120061 5388686.945887505 15
1721852120065 5067391.047228685 16
1721852120069 4792977.867852744 17
1721852120073 4556838.57631723 18
1721852120077 4352300.637689887 19
1721852120081 4173551.47982072 20
1721852120086 4018165.2126454087 21
1721852120090 3881092.158662926 22
1721852120094 3759434.498138771 23
1721852120098 3651453.6881894073 24
1721852120102 3555633.80330505 25
1721852120106 3469131.9996236484 26
1721852120111 3390390.600725332 27
1721852120115 3319092.2811345286 28
1721852120119 3255472.5646777065 29
1721852120123 3196777.299247297 30
1721852120128 3143396.6684549064 31
1721852120132 3093802.657999179 32
1721852120136 3048824.058827152 33
1721852120140 3005832.631018202 34
1721852120144 2967648.4077254687 35
1721852120149 2930323.776844122 36
1721852120153 2896903.9591556042 37
1721852120157 2863754.9046804435 38
1721852120161 2834665.711170795 39
1721852120165 2803841.8654509373 40
1721852120169 2778001.350516628 41
1721852120173 2749956.637269057 42
1721852120177 2726227.1884802245 43
1721852120182 2700372.1532468866 44
1721852120186 2678749.685260709 45
1721852120190 2654636.8831770904 46
1721852120194 2633350.474038593 47
1721852120199 2611003.100817709 48
1721852120204 2590220.916538935 49
