1721851349086 306860382.2316135 0
1721851349090 61248156.62088408 1
1721851349094 38876649.98078555 2
1721851349098 29262388.755494732 3
1721851349102 23913374.606651157 4
1721851349106 20346705.630546052 5
1721851349110 17663956.897577666 6
1721851349114 15527457.931654578 7
1721851349118 13790671.853346106 8
1721851349121 12360400.002572875 9
1721851349125 11167990.605720542 10
1721851349129 10162064.400875872 11
1721851349132 9303652.542904064 12
1721851349136 8563614.569755029 13
1721851349140 7919719.04169974 14
1721851349144 7355968.017339538 15
1721851349147 6858744.355481045 16
1721851349151 6418800.044409471 17
1721851349155 6027824.534856986 18
1721851349159 5679373.947283427 19
