1721850349225 478523754.7574654 0
1721850349228 186126975.50644588 1
1721850349231 148728652.16499248 2
1721850349234 144422119.17492816 3
1721850349237 139763438.77246475 4
1721850349240 135038987.02548242 5
1721850349244 130965682.62148625 6
1721850349247 127942000.37947173 7
1721850349250 125841300.19411524 8
1721850349252 124403985.91224852 9
1721850349255 123395656.13794991 10
1721850349258 122675008.6770494 11
1721850349261 122097754.73622553 12
1721850349264 121609910.18650609 13
1721850349267 121175740.09995894 14
1721850349270 120729594.575065 15
1721850349273 120296386.58973587 16
1721850349276 119902049.69240454 17
1721850349279 119525254.43459696 18
1721850349282 119164863.7637334 19
1721850349285 118829914.11282332 20
1721850349288 118505871.07617353 21
1721850349291 118203767.68840837 22
1721850349294 117918164.17528397 23
1721850349297 117643590.88523334 24
1721850349300 117372882.2908444 25
1721850349303 117109189.94257562 26
1721850349306 116858064.27852744 27
1721850349310 116611882.51484877 28
1721850349313 116370668.19652387 29
1721850349316 116125545.23366635 30
1721850349318 115880775.50622691 31
1721850349321 115640055.99671547 32
1721850349324 115395867.69464897 33
1721850349327 115146496.171671 34
1721850349330 114890447.76066785 35
1721850349333 114627823.7816888 36
1721850349336 114363955.79909676 37
1721850349339 114079650.23566443 38
1721850349342 113810754.5860134 39
1721850349345 113535181.79389626 40
1721850349348 113250112.51807855 41
1721850349351 112961324.94802244 42
1721850349354 112652322.72505817 43
1721850349356 112329965.15385248 44
1721850349359 112000005.83112085 45
1721850349362 111652037.44770768 46
1721850349365 111297679.45695908 47
1721850349368 110939685.58084029 48
1721850349371 110573811.32941015 49
