1721851388200 307587034.9753387 0
1721851388204 60720845.8767757 1
1721851388208 38249000.487477764 2
1721851388213 28706460.043300945 3
1721851388216 23432619.61488983 4
1721851388220 19923425.801779117 5
1721851388224 17287135.60541946 6
1721851388228 15192340.861612152 7
1721851388231 13491426.563268099 8
1721851388235 12090348.986150267 9
1721851388239 10920507.446749693 10
1721851388243 9932505.10067059 11
1721851388247 9089442.55638429 12
1721851388251 8362712.239824826 13
1721851388256 7731098.61443821 14
1721851388260 7179108.156356918 15
1721851388263 6693769.1450253185 16
1721851388267 6264940.1539756395 17
1721851388271 5884409.811454769 18
1721851388275 5546069.4054194605 19
