1721852652260 265537598.12311482 0
1721852652265 44871660.29002327 1
1721852652270 26929822.011441085 2
1721852652275 18578717.61617627 3
1721852652279 13894281.288463118 4
1721852652284 11053807.200739017 5
1721852652289 9186884.63387163 6
1721852652295 7866915.44987683 7
1721852652299 6886852.7331941975 8
1721852652304 6136375.209894622 9
1721852652308 5551770.784884358 10
1721852652312 5093821.577302586 11
1721852652317 4733688.619741344 12
1721852652324 4448694.77604352 13
1721852652329 4223026.812460654 14
1721852652335 4042368.6520665116 15
1721852652339 3896819.311358971 16
1721852652344 3775567.903996168 17
1721852652348 3675189.967134255 18
1721852652353 3588836.2271109894 19
1721852652357 3513080.5849117283 20
1721852652362 3445614.4296017517 21
1721852652366 3383709.764821404 22
1721852652371 3327410.8868345423 23
1721852652375 3274039.0979677024 24
1721852652380 3223403.938155194 25
1721852652386 3176206.5062337485 26
1721852652390 3130348.271931025 27
1721852652395 3089270.515574107 28
1721852652399 3047358.058991378 29
1721852652404 3010691.367134255 30
1721852652410 2973721.5348022445 31
1721852652417 2940167.0141439717 32
1721852652423 2905941.0149172028 33
1721852652427 2875111.0109381415 34
1721852652432 2843836.1077049403 35
1721852652437 2813826.2015464623 36
1721852652441 2783932.3618379636 37
1721852652445 2755256.019898727 38
1721852652450 2727265.556339811 39
1721852652454 2698328.9285548106 40
1721852652459 2670097.2179724923 41
1721852652463 2643474.4005063637 42
1721852652468 2614365.3473963323 43
1721852652472 2587295.956374025 44
1721852652478 2559243.5375735597 45
1721852652483 2532377.571787327 46
1721852652487 2505708.832174627 47
1721852652492 2478209.4662686465 48
1721852652496 2451209.996366498 49
