1721850400653 478501850.73513067 0
1721850400657 186090224.17692623 1
1721850400660 148738149.14662653 2
1721850400664 144438256.10882714 3
1721850400667 139750217.59058437 4
1721850400670 134866332.05025318 5
1721850400673 130532526.37613247 6
1721850400676 127382962.69965786 7
1721850400679 125295113.43730669 8
1721850400682 123952809.77692623 9
1721850400685 122986607.53907213 10
1721850400688 122279497.27702203 11
1721850400691 121703459.2302176 12
1721850400694 121220421.95877925 13
1721850400697 120783319.11536883 14
1721850400700 120318026.14851512 15
1721850400703 119891397.68703982 16
1721850400706 119463926.58086766 17
1721850400709 119031722.76162584 18
1721850400712 118651381.6776242 19
1721850400715 118300678.95114274 20
1721850400718 117977695.17777474 21
1721850400721 117675753.22052826 22
1721850400724 117390751.02186944 23
1721850400727 117119334.56335022 24
1721850400730 116858780.66730532 25
1721850400733 116607841.76794854 26
1721850400736 116368229.72579718 27
1721850400739 116135206.98201725 28
1721850400742 115910783.92795949 29
1721850400745 115692752.9531682 30
1721850400748 115477892.1579855 31
1721850400751 115262354.31296018 32
1721850400754 115047158.9500479 33
1721850400757 114827940.90379089 34
1721850400760 114607074.79928835 35
1721850400763 114382498.8621322 36
1721850400766 114160153.78896949 37
1721850400769 113937366.77574928 38
1721850400772 113711776.57238264 39
1721850400775 113463921.0946216 40
1721850400778 113225721.0451348 41
1721850400781 112978459.64078282 42
1721850400784 112729835.4115232 43
1721850400787 112469587.8194608 44
1721850400789 112216325.83243465 45
1721850400792 111958552.25509785 46
1721850400795 111692881.45263445 47
1721850400798 111423878.96143425 48
1721850400801 111148784.41998084 49
