1721850503867 294172219.70997673 0
1721850503871 140030502.62225264 1
1721850503875 127665060.7739428 2
1721850503878 123498015.8125633 3
1721850503881 121850298.58929794 4
1721850503885 120816642.84877515 5
1721850503888 119941521.22184207 6
1721850503891 119078206.5318188 7
1721850503894 118145185.95954564 8
1721850503897 117304269.85433146 9
1721850503900 116513233.93261257 10
1721850503904 115746129.59364992 11
1721850503907 115016760.11145477 12
1721850503910 114286648.63982482 13
1721850503913 113513594.60593951 14
1721850503916 112635401.40927878 15
1721850503919 111559748.87357329 16
1721850503922 110398027.16803065 17
1721850503925 109188233.41672368 18
1721850503929 108035239.0551526 19
1721850503932 106984464.31684686 20
1721850503935 105990749.61346655 21
1721850503938 105059597.26705898 22
1721850503941 104176357.12932804 23
1721850503944 103258966.13723826 24
1721850503947 102314817.32344328 25
1721850503951 101324513.97793896 26
1721850503954 100262995.59304777 27
1721850503957 99075479.83686876 28
1721850503960 97729828.32243055 29
1721850503963 96199434.12815109 30
1721850503966 94422645.68594499 31
1721850503969 92320995.81092103 32
1721850503972 89632971.9017928 33
1721850503975 86282886.27956754 34
1721850503978 82787698.37120569 35
1721850503981 78853982.84133023 36
1721850503984 74177120.85758862 37
1721850503987 69547546.86519776 38
1721850503990 65491218.86771589 39
1721850503993 62406295.91306966 40
1721850503996 59984562.20336664 41
1721850504000 58146397.41212536 42
1721850504003 56746390.49776926 43
1721850504007 55580174.052059665 44
1721850504011 54601688.205282606 45
1721850504014 53748760.8453264 46
1721850504017 53005362.78417955 47
1721850504020 52360255.04289038 48
1721850504023 51790515.36225537 49
