1721852753755 266972206.72954702 0
1721852753763 43698229.40823867 1
1721852753769 25808253.159709867 2
1721852753774 17683017.743834678 3
1721852753780 13194958.236759271 4
1721852753785 10485370.926111948 5
1721852753791 8704851.457684413 6
1721852753797 7451765.341487614 7
1721852753802 6530141.457178049 8
1721852753807 5833328.780990831 9
1721852753813 5299768.815964144 10
1721852753818 4887751.976132476 11
1721852753823 4568669.219495005 12
1721852753828 4319921.914102915 13
1721852753833 4124561.170733543 14
1721852753839 3968375.6589229507 15
1721852753844 3843202.9188586287 16
1721852753849 3739463.693526755 17
1721852753853 3653442.23049131 18
1721852753858 3579390.713322841 19
1721852753863 3517378.096318599 20
1721852753867 3461374.6358218146 21
1721852753872 3412986.8924798137 22
1721852753877 3365566.778260572 23
1721852753882 3321664.581640892 24
1721852753886 3277905.3282947857 25
1721852753893 3234272.6630286025 26
1721852753899 3195468.0578144244 27
1721852753904 3153831.6397153414 28
1721852753908 3118304.6101135896 29
1721852753913 3079863.0184275354 30
1721852753917 3045290.396120159 31
1721852753922 3009904.645579581 32
1721852753927 2978064.9245860134 33
1721852753931 2945224.5924456003 34
1721852753936 2915899.477743944 35
1721852753942 2884687.119785822 36
1721852753946 2858108.7268749145 37
1721852753951 2827128.349965786 38
1721852753955 2801219.7136820857 39
1721852753960 2770909.978243465 40
1721852753964 2748185.772892432 41
1721852753968 2717422.62084987 42
1721852753973 2693724.7473894893 43
1721852753977 2665227.028175038 44
1721852753982 2642278.5891063362 45
1721852753986 2613745.8563261256 46
1721852753991 2590470.95 47
1721852753995 2563291.257598878 48
1721852754000 2539395.9746886548 49
