1721850607595 293478761.4388395 0
1721850607599 139797781.66974133 1
1721850607603 127315930.46996032 2
1721850607606 123077277.81119475 3
1721850607609 121397291.65370193 4
1721850607612 120432371.63706036 5
1721850607616 119631503.28682086 6
1721850607619 118937102.11490352 7
1721850607622 118334197.63404953 8
1721850607626 117690009.1145477 9
1721850607629 116991752.00853975 10
1721850607632 116382684.53417271 11
1721850607635 115842527.9546736 12
1721850607638 115335858.59937046 13
1721850607641 114797072.55158068 14
1721850607645 114216404.82868482 15
1721850607648 113585443.34911728 16
1721850607651 112937122.42091146 17
1721850607654 112281607.91635418 18
1721850607657 111504468.0165321 19
1721850607661 110666738.12639934 20
1721850607664 109852868.96904339 21
1721850607667 108917036.20199808 22
1721850607670 107847144.2067059 23
1721850607673 106683596.44746134 24
1721850607676 105473780.79540166 25
1721850607680 104135947.20350349 26
1721850607683 102666477.42821951 27
1721850607686 101005397.66448611 28
1721850607689 99139332.17506501 29
1721850607692 96977355.28408375 30
1721850607696 94478706.82622144 31
1721850607699 91607308.55431777 32
1721850607702 88148315.12160942 33
1721850607705 83885160.58070344 34
1721850607708 79352876.09360887 35
1721850607711 74903154.91315177 36
1721850607715 70654760.8591214 37
1721850607718 66756518.169974 38
1721850607721 63477819.19091282 39
1721850607724 60917878.208293416 40
1721850607728 58927452.181196116 41
1721850607731 57410193.15648009 42
1721850607734 56233503.80446147 43
1721850607737 55251080.380457096 44
1721850607740 54420966.321062 45
1721850607744 53676938.68104557 46
1721850607747 53030091.35853291 47
1721850607750 52450197.439934306 48
1721850607753 51910919.47206788 49
