1721852500482 265191769.02641302 0
1721852500487 45706475.531353496 1
1721852500491 27588184.64299986 2
1721852500495 19021225.96493773 3
1721852500500 14199969.358245518 4
1721852500509 11289964.208964007 5
1721852500516 9383907.17084987 6
1721852500522 8032668.6573901735 7
1721852500527 7023297.703872998 8
1721852500532 6246763.965129328 9
1721852500536 5639902.526953606 10
1721852500541 5162355.174661283 11
1721852500545 4785512.988182564 12
1721852500550 4487848.871725743 13
1721852500554 4251899.980635008 14
1721852500559 4063289.078869577 15
1721852500563 3911302.033933215 16
1721852500572 3786006.288374162 17
1721852500576 3680510.6176064047 18
1721852500580 3591100.487594088 19
1721852500585 3510362.8631654577 20
1721852500589 3440514.6841863967 21
1721852500593 3374343.9373203777 22
1721852500599 3315817.497892432 23
1721852500604 3260125.202997126 24
1721852500608 3210548.3673669086 25
1721852500612 3161648.6823251676 26
1721852500617 3116793.5438757357 27
1721852500622 3073540.9531408236 28
1721852500626 3032407.023744355 29
1721852500630 2992651.178048447 30
1721852500635 2955810.4242780893 31
1721852500639 2919199.7828520597 32
1721852500644 2884984.3729779664 33
1721852500648 2850403.8728068974 34
1721852500652 2819023.8498152457 35
1721852500657 2786578.5597954015 36
1721852500661 2755214.0345456414 37
1721852500665 2723627.7025557687 38
1721852500670 2693516.1344053647 39
1721852500674 2662961.069850828 40
1721852500679 2632838.0721807857 41
1721852500683 2600668.6708293417 42
1721852500687 2571718.6082489393 43
1721852500692 2538717.8965649377 44
1721852500696 2508568.350636376 45
1721852500700 2475231.27952306 46
1721852500705 2445287.826755166 47
1721852500709 2411771.5929724923 48
1721852500713 2381990.7069522375 49
