1721851429586 308019997.8098809 0
1721851429590 59559366.34952785 1
1721851429594 37710985.65195019 2
1721851429598 28273618.31328863 3
1721851429602 22945348.349089913 4
1721851429606 19365838.455125224 5
1721851429609 16673693.073463801 6
1721851429613 14540836.154591488 7
1721851429617 12823914.450116327 8
1721851429621 11425752.944601068 9
1721851429625 10274553.241686054 10
1721851429628 9315567.642260846 11
1721851429632 8505496.159449842 12
1721851429636 7813415.798549336 13
1721851429640 7216480.920514575 14
1721851429644 6698160.205433146 15
1721851429648 6245924.928328999 16
1721851429652 5849478.280552895 17
1721851429656 5501112.651772273 18
1721851429659 5193263.358984536 19
