1721850658120 196959193.15834132 0
1721850658123 122344392.3941426 1
1721850658127 119319713.37490077 2
1721850658130 117604224.75631586 3
1721850658134 116219684.03361161 4
1721850658137 114831774.45452306 5
1721850658141 113101536.77470918 6
1721850658144 110715609.737293 7
1721850658148 107402095.9910223 8
1721850658151 103670996.39906938 9
1721850658154 99274549.33362529 10
1721850658157 93373362.61623101 11
1721850658161 85641496.31629944 12
1721850658164 74195963.41820173 13
1721850658167 64626995.11120843 14
1721850658170 58341473.02345696 15
1721850658173 55025612.65832763 16
1721850658176 53158371.5206788 17
1721850658180 51888640.20068427 18
1721850658183 50735657.360996306 19
1721850658186 49690676.97626933 20
1721850658189 48756585.4427809 21
1721850658193 47926949.90042425 22
1721850658196 47219603.001833856 23
1721850658199 46551523.11679212 24
1721850658202 45993226.71432873 25
1721850658205 45479077.757219106 26
1721850658209 45010647.53666347 27
1721850658212 44561144.96280279 28
1721850658215 44165168.72631723 29
1721850658218 43819938.28624607 30
1721850658221 43463353.1708225 31
1721850658225 43161134.50466676 32
1721850658228 42895481.39482688 33
1721850658231 42648788.618146986 34
1721850658234 42394831.39192555 35
1721850658237 42183513.10359929 36
1721850658241 42004184.065799914 37
1721850658244 41811646.29796086 38
1721850658247 41623512.49541535 39
1721850658250 41469762.70031477 40
1721850658254 41308601.78513754 41
1721850658257 41176046.832297795 42
1721850658260 41038195.53003969 43
1721850658263 40934021.27866429 44
1721850658266 40807955.583905846 45
1721850658269 40708997.868783355 46
1721850658273 40566982.12973861 47
1721850658276 40473921.13430957 48
1721850658279 40388188.684987 49
