1721851640153 265191769.02641302 0
1721851640157 45706475.531353496 1
1721851640161 27588184.64299986 2
1721851640165 19021225.96493773 3
1721851640169 14199969.358245518 4
1721851640173 11289964.208964007 5
1721851640177 9383907.17084987 6
1721851640181 8032668.6573901735 7
1721851640186 7023297.703872998 8
1721851640191 6246763.965129328 9
1721851640195 5639902.526953606 10
1721851640199 5162355.174661283 11
1721851640203 4785512.988182564 12
1721851640207 4487848.871725743 13
1721851640211 4251899.980635008 14
1721851640214 4063289.078869577 15
1721851640219 3911302.033933215 16
1721851640223 3786006.288374162 17
1721851640227 3680510.6176064047 18
1721851640231 3591100.487594088 19
