1721852009525 308019997.8098809 0
1721852009529 59559366.34952785 1
1721852009534 37710985.65195019 2
1721852009538 28273618.31328863 3
1721852009542 22945348.349089913 4
1721852009546 19365838.455125224 5
1721852009551 16673693.073463801 6
1721852009555 14540836.154591488 7
1721852009559 12823914.450116327 8
1721852009564 11425752.944601068 9
1721852009568 10274553.241686054 10
1721852009572 9315567.642260846 11
1721852009576 8505496.159449842 12
1721852009580 7813415.798549336 13
1721852009584 7216480.920514575 14
1721852009589 6698160.205433146 15
1721852009594 6245924.928328999 16
1721852009598 5849478.280552895 17
1721852009602 5501112.651772273 18
1721852009606 5193263.358984536 19
1721852009615 4920616.030806077 20
1721852009621 4678317.347023402 21
1721852009625 4463030.666696318 22
1721852009630 4270151.55059532 23
1721852009636 4098482.247940331 24
1721852009643 3945319.7002805527 25
1721852009649 3808337.9331120844 26
1721852009653 3686799.871855755 27
1721852009657 3578347.4516764744 28
1721852009665 3481656.580183386 29
1721852009670 3394768.858745039 30
1721852009675 3318200.564766662 31
1721852009679 3249249.2843027236 32
1721852009684 3188734.8461543727 33
1721852009688 3134893.978869577 34
1721852009693 3087588.0031545092 35
1721852009697 3044083.0066169426 36
1721852009703 3006081.2266935813 37
1721852009708 2970322.834289038 38
1721852009713 2939051.0974613386 39
1721852009717 2908852.622379225 40
1721852009721 2882975.369081018 41
1721852009726 2857284.3741070204 42
1721852009730 2834398.659969892 43
1721852009734 2812228.1906425348 44
1721852009739 2792076.4660154646 45
1721852009743 2772816.6753866156 46
1721852009747 2754801.9268749147 47
1721852009752 2737506.3382236212 48
1721852009756 2721585.9264403996 49
