1721852338207 291304164.4890653 0
1721852338212 52243337.82860271 1
1721852338216 31957143.41513617 2
1721852338221 23120499.89960312 3
1721852338225 18265097.86536198 4
1721852338229 15117517.863035446 5
1721852338235 12804324.76460928 6
1721852338239 11015057.006829068 7
1721852338244 9603172.271561516 8
1721852338248 8474329.1991515 9
1721852338252 7563768.861365814 10
1721852338257 6824061.483235254 11
1721852338261 6220169.176946763 12
1721852338265 5725204.366162584 13
1721852338269 5316709.945312714 14
1721852338274 4976637.390173806 15
1721852338278 4691450.1630628165 16
1721852338282 4451010.158669769 17
1721852338287 4247537.157930751 18
1721852338291 4073730.287087724 19
1721852338295 3924999.6357670724 20
1721852338300 3796180.5834200084 21
1721852338304 3684269.031832489 22
1721852338308 3585341.175188176 23
1721852338313 3498402.717900643 24
1721852338317 3420231.617298481 25
1721852338321 3351572.03474066 26
1721852338325 3288429.994279458 27
1721852338330 3232867.462385384 28
1721852338334 3181119.8665252496 29
1721852338339 3135511.864356097 30
1721852338343 3092326.902661831 31
1721852338348 3054551.0653277677 32
1721852338352 3018661.812460654 33
1721852338356 2987571.0343916793 34
1721852338361 2957656.9527576296 35
1721852338365 2930946.6866429453 36
1721852338369 2905506.0482687834 37
1721852338373 2883894.9263240728 38
1721852338378 2860514.520069796 39
1721852338382 2841434.394498426 40
1721852338386 2821178.8521417817 41
1721852338391 2802955.057102778 42
1721852338395 2784399.134733817 43
1721852338399 2767812.2005337346 44
1721852338404 2750462.9262488023 45
1721852338408 2735001.984415629 46
1721852338412 2718562.577607089 47
1721852338417 2703609.2963049132 48
1721852338421 2687349.138658136 49
