1721851682902 265537598.12311482 0
1721851682906 44871660.29002327 1
1721851682911 26929822.011441085 2
1721851682916 18578717.61617627 3
1721851682920 13894281.288463118 4
1721851682924 11053807.200739017 5
1721851682928 9186884.63387163 6
1721851682932 7866915.44987683 7
1721851682936 6886852.7331941975 8
1721851682940 6136375.209894622 9
1721851682944 5551770.784884358 10
1721851682948 5093821.577302586 11
1721851682952 4733688.619741344 12
1721851682956 4448694.77604352 13
1721851682961 4223026.812460654 14
1721851682965 4042368.6520665116 15
1721851682969 3896819.311358971 16
1721851682973 3775567.903996168 17
1721851682977 3675189.967134255 18
1721851682980 3588836.2271109894 19
