1721850247892 196959193.15834132 0
1721850247895 122344392.3941426 1
1721850247899 119319713.37490077 2
1721850247902 117604224.75631586 3
1721850247905 116219684.03361161 4
1721850247907 114831774.45452306 5
1721850247910 113101536.77470918 6
1721850247913 110715609.737293 7
1721850247916 107402095.9910223 8
1721850247918 103670996.39906938 9
1721850247921 99274549.33362529 10
1721850247924 93373362.61623101 11
1721850247927 85641496.31629944 12
1721850247930 74195963.41820173 13
1721850247933 64626995.11120843 14
1721850247936 58341473.02345696 15
1721850247939 55025612.65832763 16
1721850247942 53158371.5206788 17
1721850247944 51888640.20068427 18
1721850247947 50735657.360996306 19
