1721851584013 291304164.4890653 0
1721851584018 52243337.82860271 1
1721851584021 31957143.41513617 2
1721851584026 23120499.89960312 3
1721851584030 18265097.86536198 4
1721851584034 15117517.863035446 5
1721851584039 12804324.76460928 6
1721851584043 11015057.006829068 7
1721851584047 9603172.271561516 8
1721851584051 8474329.1991515 9
1721851584055 7563768.861365814 10
1721851584059 6824061.483235254 11
1721851584062 6220169.176946763 12
1721851584066 5725204.366162584 13
1721851584070 5316709.945312714 14
1721851584074 4976637.390173806 15
1721851584078 4691450.1630628165 16
1721851584082 4451010.158669769 17
1721851584086 4247537.157930751 18
1721851584090 4073730.287087724 19
